#! FIELDS time angle.mean dist_bottom dist_top dist1 dist2 dist_vector
 0.000000 0.271122 1.822030 0.774308 3.363926 3.332959 3.135020
 0.001000 0.117901 1.500852 0.854946 3.663817 3.556389 3.537055
 0.002000 0.308933 1.628984 0.926711 3.514857 3.530491 3.408880
 0.003000 0.425764 1.595785 1.150237 3.659214 3.514822 3.510945
 0.004000 0.599331 1.599030 0.953924 3.596851 3.521552 3.457012
 0.005000 0.328896 1.639292 1.073588 3.525273 3.632607 3.462598
 0.006000 0.451328 1.834986 1.755421 3.489504 3.337148 3.069336
 0.007000 0.314981 1.847167 1.292717 3.457627 3.536974 3.309311
 0.008000 0.266114 1.863523 1.616106 3.498741 3.153065 3.058666
 0.009000 0.199728 1.784613 2.306605 3.391299 3.575111 3.041972
 0.010000 0.064640 1.929609 1.841079 3.489227 3.698121 3.256802
 0.011000 0.082216 2.020586 1.906232 3.432170 3.312487 2.907822
 0.012000 0.191368 1.942586 1.746235 3.578193 3.748478 3.299227
 0.013000 0.156274 1.954059 1.530914 3.519880 3.621412 3.184811
 0.014000 0.104724 1.942982 1.965813 3.606000 3.605054 3.194501
 0.015000 0.350463 1.747436 1.617447 3.544945 2.906146 2.927448
 0.016000 0.307214 1.819894 1.420519 3.513335 3.683472 3.306827
 0.017000 0.100384 1.937076 1.376535 3.439918 3.366439 3.031260
 0.018000 0.260821 1.906557 1.850789 3.466455 3.028949 2.828668
 0.019000 0.206365 1.956858 1.325877 3.570953 3.864697 3.457358
 0.020000 0.080045 1.937510 1.847912 3.536841 3.078409 2.818023
 0.021000 0.413174 1.769967 1.670838 3.567484 3.291991 3.126602
 0.022000 0.114492 1.957973 1.424909 3.425556 3.756658 3.253803
 0.023000 0.059432 1.877677 1.034251 3.701521 3.711654 3.503184
 0.024000 0.064958 1.808917 1.200768 3.480244 3.883886 3.454285
 0.025000 0.354335 1.935413 1.474982 3.523225 3.594414 3.162993
 0.026000 0.156846 1.926577 1.138614 3.404097 3.727807 3.314183
 0.027000 0.041177 1.855012 1.446137 3.555590 3.664464 3.243749
 0.028000 0.084011 1.871674 1.651171 3.458018 3.420413 3.266019
 0.029000 0.261847 1.889043 1.933576 3.552984 2.853509 3.030292
 0.030000 0.421283 1.877667 2.065405 3.536966 3.282383 3.170732
 0.031000 0.169568 1.868977 1.735004 3.566901 3.337052 3.270913
 0.032000 0.173443 1.811486 1.741205 3.525035 3.297365 3.215746
 0.033000 0.344233 1.980426 2.309757 3.281785 3.317363 3.046739
 0.034000 0.301373 2.146698 1.981954 3.564498 3.338099 3.220132
 0.035000 0.428667 2.272921 1.664745 3.434646 3.550903 3.146162
 0.036000 0.606723 2.077397 2.402370 3.729452 3.045640 3.112520
 0.037000 0.474591 1.936468 2.082004 3.539930 3.107486 2.992199
 0.038000 0.547910 1.990628 1.809568 3.478322 3.239378 3.071641
 0.039000 0.290405 2.053842 2.030869 3.422122 3.471744 3.306448
 0.040000 0.259559 1.949835 1.938460 3.284390 3.436698 3.247275
 0.041000 0.159939 1.962778 2.011100 3.135229 3.399412 3.112220
 0.042000 0.213407 1.925912 1.805366 3.380619 3.310930 3.249209
 0.043000 0.141487 1.916316 1.622866 3.149418 3.509774 3.272703
 0.044000 0.218946 1.903713 1.702716 3.276787 3.413074 3.253675
 0.045000 0.186463 2.024318 2.088140 3.376246 3.150009 3.127206
 0.046000 0.183423 1.937782 2.072907 3.193201 3.195907 3.015586
 0.047000 0.186631 2.023820 2.121093 3.225967 2.988439 2.877468
 0.048000 0.246821 2.009963 1.761014 3.198954 3.530610 3.323213
 0.049000 0.243545 2.007553 1.513641 3.406270 3.547007 3.362222
 0.050000 0.346847 2.044219 1.797058 3.380513 2.954706 3.164977
 0.051000 0.215333 1.955246 1.308696 3.307768 3.095323 3.168168
 0.052000 0.199088 1.958451 1.731176 3.378845 3.380815 3.357315
 0.053000 0.429019 1.886960 1.525959 3.406730 3.237994 3.268182
 0.054000 0.164838 2.017707 1.080182 3.177211 3.301512 3.188217
 0.055000 0.057589 1.977567 1.495622 3.077965 3.123517 3.078604
 0.056000 0.222121 1.979186 1.524123 3.218407 3.001384 3.097088
 0.057000 0.190504 2.036461 1.460182 3.253394 3.040697 3.123508
 0.058000 0.346419 1.905052 0.827146 3.634956 3.278923 3.409547
 0.059000 0.201802 1.918730 1.260300 3.693835 3.248259 3.410713
 0.060000 0.318165 1.919514 1.016013 3.835023 3.752042 3.670204
 0.061000 0.422323 1.930452 1.370724 3.874850 3.350342 3.535097
 0.062000 0.418260 1.938700 1.647598 3.747880 3.223486 3.378212
 0.063000 0.131868 1.871297 1.278262 3.451213 3.455270 3.436839
 0.064000 0.142250 1.999600 1.332193 3.293470 3.377265 3.305386
 0.065000 0.078181 1.973506 1.179692 3.728394 3.166672 3.417437
 0.066000 0.102876 1.943965 1.090498 3.602938 3.166311 3.357250
 0.067000 0.051376 2.055835 1.352164 3.141997 3.192190 3.143648
 0.068000 0.221164 2.002952 1.530201 3.019578 3.392232 3.192768
 0.069000 0.141748 2.067057 0.872500 3.572737 3.392307 3.429901
 0.070000 0.116560 2.154572 1.385312 3.738841 3.198519 3.419201
 0.071000 0.043477 1.923594 1.764411 2.967156 3.282744 2.998834
 0.072000 0.490886 2.054150 1.597004 3.205096 3.375631 3.156197
 0.073000 0.385317 2.018916 2.551671 2.912713 3.776148 3.017225
 0.074000 0.191239 1.970487 1.822799 2.922242 3.261886 2.949776
 0.075000 0.348219 2.002840 1.714730 3.180415 3.408678 3.131442
 0.076000 0.451479 1.969596 2.117494 3.458660 3.818299 3.406859
 0.077000 0.469230 2.069191 2.296928 3.153241 3.832445 3.258711
 0.078000 0.594278 1.963060 1.788660 3.509850 3.755368 3.418608
 0.079000 0.683056 1.880286 1.972656 3.606330 3.855626 3.489985
 0.080000 0.688189 2.072632 1.716762 3.539097 3.752899 3.439292
 0.081000 0.330838 1.856314 0.879701 3.379346 3.268693 3.281982
 0.082000 0.401972 1.896760 0.903397 3.600081 3.217632 3.351655
 0.083000 0.406461 1.989561 1.104555 3.562352 3.329983 3.370618
 0.084000 0.436912 1.931052 1.262258 3.502457 3.441695 3.355728
 0.085000 0.317849 1.985116 0.782352 3.551700 3.273021 3.335579
 0.086000 0.205557 1.911514 1.140492 3.476145 3.213255 3.295374
 0.087000 0.120800 1.908565 1.011925 3.668586 3.194590 3.354445
 0.088000 0.165393 1.912170 1.128290 3.293694 3.427622 3.333997
 0.089000 0.107011 1.845900 1.562258 3.838701 3.324840 3.505050
 0.090000 0.172584 1.842470 1.399905 3.117922 3.283088 3.192934
 0.091000 0.332875 1.874081 1.089046 3.401637 3.847201 3.547219
 0.092000 0.137119 1.912153 1.367629 3.338631 3.273396 3.287356
 0.093000 0.336519 1.903455 1.569481 3.401187 3.048273 3.213760
 0.094000 0.116899 1.927639 1.350449 3.298139 3.300107 3.285422
 0.095000 0.319022 1.905384 1.429987 3.219048 3.410956 3.306854
 0.096000 0.425051 1.870240 1.598985 3.111381 3.458734 3.271616
 0.097000 0.162993 1.888633 1.293300 3.304017 3.280567 3.277439
 0.098000 0.146445 1.915937 1.514639 3.236310 3.266107 3.244227
 0.099000 0.068611 1.927698 1.123328 3.484734 3.379741 3.406515
 0.100000 0.423318 1.921751 1.649215 3.080243 3.328019 3.198861
 0.101000 0.360502 2.090106 1.200171 3.101256 3.712603 3.369065
 0.102000 0.273023 1.903063 1.184936 3.462169 3.182860 3.298164
 0.103000 0.283776 1.880725 1.413601 3.254257 3.185715 3.207795
 0.104000 0.410071 1.829532 1.353767 3.453117 3.328475 3.379702
 0.105000 0.159112 1.898968 1.128173 3.143657 3.610982 3.350826
 0.106000 0.182308 1.990594 1.615447 3.046042 3.735438 3.340357
 0.107000 0.236134 1.852847 1.447941 3.854759 3.289043 3.492930
 0.108000 0.346696 1.937453 1.302075 3.806543 3.161421 3.427962
 0.109000 0.223958 2.036012 1.649539 3.687654 3.319613 3.465549
 0.110000 0.247531 2.024030 1.911791 3.808766 3.239880 3.453254
 0.111000 0.143664 2.016041 1.351771 3.169735 3.463726 3.273726
 0.112000 0.136335 1.965499 1.302563 3.344666 3.295039 3.301637
 0.113000 0.174823 1.822979 1.400264 3.421890 3.259006 3.313506
 0.114000 0.090912 1.896857 1.627164 3.222592 3.346787 3.281049
 0.115000 0.220766 1.823949 1.434183 3.186215 3.207031 3.189919
 0.116000 0.323950 1.905355 1.074931 3.273184 3.420320 3.314396
 0.117000 0.217303 1.832515 0.780296 3.356278 3.960975 3.586342
 0.118000 0.360734 1.853724 1.605453 3.344037 3.742381 3.428677
 0.119000 0.334232 1.825925 1.740543 3.319045 3.162804 3.193205
 0.120000 0.352863 1.988623 2.802501 3.611269 3.404874 3.223084
 0.121000 0.205650 2.033957 2.708222 3.317125 3.406627 3.122802
 0.122000 0.182812 2.021830 2.883503 3.239454 3.346910 2.859144
 0.123000 0.204019 1.873496 2.689881 3.279638 3.288040 3.054857
 0.124000 0.062199 1.901959 2.837581 3.246575 3.526935 3.283850
 0.125000 0.074757 1.969287 2.717079 3.494791 3.631731 3.250579
 0.126000 0.154014 1.965177 2.812208 3.259809 3.493299 3.077426
 0.127000 0.024759 2.060969 2.739884 3.343117 3.190171 2.931899
 0.128000 0.157386 2.390669 2.985317 3.266298 3.086045 2.592036
 0.129000 0.245229 2.050752 2.210301 3.588983 3.692235 3.410536
 0.130000 0.113622 2.069327 2.811153 3.338689 3.330018 2.981727
 0.131000 0.206677 2.047435 2.690743 3.415944 3.528744 3.064723
 0.132000 0.220885 1.812572 2.774616 3.223145 3.279169 2.954791
 0.133000 0.274828 1.768182 2.877393 3.308819 3.357758 3.063985
 0.134000 0.308489 1.973335 2.675176 3.220912 3.337933 3.201639
 0.135000 0.093602 1.755725 2.637449 3.594746 3.214499 3.320535
 0.136000 0.189446 1.862212 2.822111 3.156960 3.404497 3.054653
 0.137000 0.260020 1.901246 2.587919 3.877262 3.327009 3.388919
 0.138000 0.220161 1.925112 2.831525 3.352159 3.523557 3.041413
 0.139000 0.121024 1.949008 3.018556 3.256141 3.197203 2.838764
 0.140000 0.056742 1.872692 2.285996 3.568487 3.564922 3.413994
 0.141000 0.140378 1.883545 2.698501 3.462422 3.535484 3.159581
 0.142000 0.229147 1.986892 2.712744 3.507508 3.500612 3.183207
 0.143000 0.176677 1.984936 2.633278 3.540768 3.319629 3.163242
 0.144000 0.241964 1.964832 2.887403 3.438689 3.465752 3.176019
 0.145000 0.353031 1.914749 2.724330 3.504202 3.370922 3.122572
 0.146000 0.380494 1.931970 2.728460 3.535019 3.479932 3.179924
 0.147000 0.475070 1.809511 3.035082 3.193360 3.273899 2.845623
 0.148000 0.427668 1.897107 2.877421 3.080319 3.563234 2.919439
 0.149000 0.327417 1.877980 2.276044 3.290319 3.900504 3.282373
 0.150000 0.452709 2.033191 2.342234 3.501113 3.884240 3.303809
 0.151000 0.317553 1.879720 1.774589 3.484631 3.275495 3.106835
 0.152000 0.154484 1.921741 2.245823 3.490609 3.853528 3.356472
 0.153000 0.305742 1.968830 2.362951 3.363374 3.972210 3.254951
 0.154000 0.215784 1.964113 2.679740 3.479650 3.541074 3.055870
 0.155000 0.398978 1.854370 2.639072 3.537757 3.457466 3.172145
 0.156000 0.357762 2.002628 2.739033 3.404046 3.520379 3.118452
 0.157000 0.493343 1.961672 2.691107 3.615459 3.129436 2.888997
 0.158000 0.596861 1.972293 2.654803 3.566019 2.894488 2.847284
 0.159000 0.435150 1.948561 2.681783 3.448038 2.882337 2.769057
 0.160000 0.557128 2.006912 2.404744 3.560518 3.263709 3.025530
 0.161000 0.555070 1.907189 2.447512 3.672597 3.124119 3.030486
 0.162000 0.447042 1.946126 2.335309 3.530196 3.236930 2.992027
 0.163000 0.534591 1.812528 2.699421 3.479610 3.100769 2.946039
 0.164000 0.367247 1.992745 1.922981 3.906259 3.572734 3.562018
 0.165000 0.688796 2.001212 2.038083 3.665685 3.549235 3.398264
 0.166000 0.773157 1.762058 1.874962 3.904132 3.590397 3.574774
 0.167000 0.596615 1.879389 2.622174 3.383564 3.672286 3.243305
 0.168000 0.335666 1.758518 2.667689 3.131444 3.624239 3.153493
 0.169000 0.149174 1.842923 2.701053 3.427678 3.507384 3.150488
 0.170000 0.214369 1.912758 2.392120 3.242464 3.829321 3.237607
 0.171000 0.369709 1.987896 2.652761 3.489706 3.427902 3.022203
 0.172000 0.469404 1.981788 2.794227 3.475885 3.452000 2.996060
 0.173000 0.241735 1.920513 2.732069 3.435558 3.445301 3.200558
 0.174000 0.288399 1.844097 2.827666 3.220354 3.359357 2.951391
 0.175000 0.263952 1.816952 2.847701 3.183151 3.310543 2.724354
 0.176000 0.202256 1.872647 2.363335 3.437070 3.118581 2.897053
 0.177000 0.240667 1.774487 2.225023 3.489376 3.176170 2.902657
 0.178000 0.154795 1.768290 2.383677 3.189089 3.141486 2.798461
 0.179000 0.185678 1.916711 2.377443 3.101741 3.293528 2.853040
 0.180000 0.178263 2.002707 2.326312 3.455241 3.294404 3.041193
 0.181000 0.162813 2.019464 1.861749 3.159168 3.720833 3.220084
 0.182000 0.356500 2.031514 1.941089 3.339771 3.589053 3.393895
 0.183000 0.375116 2.013197 1.929064 3.421960 3.467810 3.183891
 0.184000 0.198695 1.900520 2.089653 3.209582 3.693716 3.099992
 0.185000 0.106544 2.089664 1.790743 3.467101 3.523908 3.237358
 0.186000 0.071009 1.942344 1.711471 3.456472 3.420617 3.123372
 0.187000 0.066289 1.955808 1.741598 3.516908 3.458142 3.211052
 0.188000 0.149221 1.882172 1.670159 3.292541 3.482107 3.201073
 0.189000 0.151961 1.890593 1.825934 3.215236 3.500607 3.203921
 0.190000 0.111055 1.884157 1.773284 3.164267 3.479058 3.256561
 0.191000 0.288360 1.807742 1.378044 3.630240 3.498723 3.449943
 0.192000 0.312914 1.847017 1.697683 3.394346 3.590347 3.331790
 0.193000 0.228951 1.943064 1.551058 3.291065 3.455712 3.199491
 0.194000 0.192195 1.838127 1.570196 3.453653 3.478154 3.299248
 0.195000 0.343848 1.934278 1.634534 3.806650 3.552169 3.503584
 0.196000 0.241265 1.921804 1.764018 3.330883 3.623683 3.339215
 0.197000 0.356020 1.887234 1.672295 3.387401 3.515576 3.293533
 0.198000 0.156898 1.885228 2.322885 3.153325 3.707169 3.105141
 0.199000 0.279163 1.856083 1.758816 3.138331 3.596257 3.082328
 0.200000 0.621258 1.947277 2.089743 3.471197 3.206519 2.866024
 0.201000 0.279329 1.967806 1.879535 3.471788 2.853275 2.761015
 0.202000 0.397528 1.937057 2.120545 3.628821 3.158392 2.951669
 0.203000 0.036768 1.970396 2.565263 3.362847 3.828155 3.085585
 0.204000 0.186855 2.058833 2.072780 3.510569 3.932599 3.592025
 0.205000 0.256547 1.921461 2.164854 3.971150 3.401821 3.443704
 0.206000 0.241325 1.875155 2.478673 3.747633 3.662435 3.309400
 0.207000 0.240278 2.062366 2.773727 3.558646 3.159826 3.070202
 0.208000 0.325566 1.902042 2.936807 3.395357 3.471289 3.061311
 0.209000 0.113171 1.983027 2.867418 3.425360 3.170354 2.887472
 0.210000 0.136252 1.974364 2.681568 3.505312 2.815636 2.869596
 0.211000 0.229048 2.054882 2.717302 3.300302 3.368208 2.952613
 0.212000 0.160799 2.082588 2.413646 3.622093 3.255627 3.289435
 0.213000 0.358484 1.967387 2.202737 3.866232 3.379156 3.451405
 0.214000 0.282563 1.819196 2.839150 3.729489 3.074315 3.116072
 0.215000 0.256026 1.945479 2.502761 3.629468 3.293514 3.247350
 0.216000 0.343114 1.945468 2.796986 3.487231 3.116021 3.030121
 0.217000 0.329769 1.916028 2.721369 3.514123 3.326960 3.141788
 0.218000 0.474752 1.928768 2.688548 3.536588 3.064991 3.058783
 0.219000 0.362075 1.959124 2.725837 3.279195 3.372091 3.065240
 0.220000 0.451753 1.946961 2.461659 3.423109 3.404921 3.322836
 0.221000 0.264215 1.932130 2.799878 3.403410 3.405695 3.071073
 0.222000 0.352844 1.951659 2.752366 3.270448 3.552162 2.973166
 0.223000 0.229884 1.922773 2.729004 3.608800 3.404203 3.255645
 0.224000 0.205246 2.127201 2.511824 3.547665 3.451219 3.257881
 0.225000 0.252028 1.853290 2.694598 3.536362 3.173358 3.061724
 0.226000 0.168158 1.882801 2.596082 3.609784 3.243536 3.008943
 0.227000 0.267910 1.937820 2.608965 3.687729 3.561774 3.237494
 0.228000 0.405447 1.905912 2.527745 3.799957 3.541402 3.400165
 0.229000 0.161080 2.032503 2.504704 3.576488 3.417535 3.260204
 0.230000 0.259846 2.059989 2.780472 3.423939 3.031703 2.847595
 0.231000 0.307405 1.964359 2.616513 3.615198 3.575483 3.194766
 0.232000 0.223523 1.984315 2.400838 3.679731 3.574685 3.271896
 0.233000 0.340448 1.918476 2.772780 3.336468 3.493786 3.060136
 0.234000 0.517251 2.053351 2.347886 3.399978 3.380548 3.187481
 0.235000 0.541335 1.929581 1.904198 3.634469 3.337691 3.367477
 0.236000 0.349540 1.867013 1.768600 3.877717 3.386456 3.516652
 0.237000 0.433146 1.899437 1.636678 3.778486 3.369168 3.468298
 0.238000 0.232531 1.987020 1.803781 3.389096 3.490084 3.384592
 0.239000 0.349225 1.968909 1.717177 3.647872 3.318458 3.403438
 0.240000 0.184669 2.067061 2.238043 3.408033 3.379015 3.194821
 0.241000 0.347512 1.998590 1.751635 3.605237 3.444389 3.452372
 0.242000 0.402684 2.000222 2.461923 3.837934 3.287795 3.064631
 0.243000 0.391016 2.063829 1.679759 3.725074 3.503981 3.221664
 0.244000 0.370289 2.029871 2.261472 3.735703 3.439422 3.029855
 0.245000 0.301490 2.225081 2.063055 3.645252 3.788649 3.186214
 0.246000 0.404954 2.368129 1.127700 3.628448 3.401853 3.126360
 0.247000 0.444963 2.466612 0.736810 3.248037 3.392434 2.991824
 0.248000 0.376056 2.122235 1.229894 3.712838 3.201765 3.213026
 0.249000 0.381199 2.083750 1.597392 3.547609 3.752075 3.327876
 0.250000 0.327484 2.280175 1.518388 3.510029 3.802829 3.175250
 0.251000 0.497271 1.987469 1.189420 3.625269 3.112576 3.139195
 0.252000 0.335802 1.993953 2.087606 3.464190 3.833049 3.179062
 0.253000 0.540039 1.997476 1.137277 3.673853 3.586261 3.319971
 0.254000 0.507485 1.984948 1.174614 3.397478 3.264804 3.126540
 0.255000 0.498207 1.865973 0.877488 3.717400 3.377236 3.345699
 0.256000 0.385466 2.002039 1.076066 3.566614 3.302556 3.188999
 0.257000 0.444881 1.891757 0.951404 3.397132 3.418406 3.189455
 0.258000 0.602028 1.995613 1.285554 3.646724 3.345724 3.217709
 0.259000 0.526666 1.963576 1.502918 2.964400 3.299837 2.926010
 0.260000 0.636532 1.834768 1.395546 3.315307 3.136692 3.109446
 0.261000 0.436422 1.852734 1.662922 2.775312 3.264025 2.792214
 0.262000 0.476285 1.872454 1.420839 2.847353 3.108356 2.831087
 0.263000 0.533017 1.877187 1.681787 2.920884 3.121898 2.832999
 0.264000 0.578763 1.899942 1.535142 2.662557 3.156815 2.777314
 0.265000 0.286735 1.985772 1.870923 3.639960 3.678919 3.160537
 0.266000 0.483136 1.951462 1.003679 3.625250 3.508764 3.353314
 0.267000 0.554861 1.991946 0.801403 3.682106 3.285052 3.272455
 0.268000 0.644149 2.041943 0.843926 3.729184 3.620492 3.481068
 0.269000 0.515511 2.033998 0.991022 3.782580 3.539258 3.519375
 0.270000 0.887522 2.147779 0.788576 3.506188 3.197344 3.114035
 0.271000 0.667715 1.916280 1.053488 3.859328 3.184906 3.365218
 0.272000 0.735497 1.917093 1.040416 3.690408 3.340343 3.268386
 0.273000 0.823868 1.950348 1.102570 3.330448 3.173517 2.962959
 0.274000 0.345731 2.016811 1.343998 3.328358 3.477442 3.169548
 0.275000 0.375278 1.971396 1.338229 3.214183 3.313196 3.079302
 0.276000 0.486264 2.038292 1.250955 3.521551 3.244372 3.144494
 0.277000 0.729088 2.096834 1.055825 3.701254 3.367388 3.229495
 0.278000 0.538008 1.967120 1.423003 3.300221 3.131664 2.929904
 0.279000 0.457434 2.074150 1.317719 3.697650 2.964388 3.097453
 0.280000 0.424265 2.053232 1.625487 3.258029 3.480011 2.933039
 0.281000 0.598743 1.991598 1.015295 3.466166 3.429779 3.198375
 0.282000 0.626982 1.923629 2.195862 3.100686 3.787928 3.002588
 0.283000 0.505275 1.914460 1.775216 3.377139 3.817258 3.278131
 0.284000 0.601605 1.918335 1.059877 3.554203 3.151278 3.075465
 0.285000 0.524990 2.016799 1.068633 3.707580 3.274455 3.206873
 0.286000 0.709173 1.940286 1.023976 3.181048 3.299434 3.023452
 0.287000 0.420628 1.980596 1.222529 3.730789 3.690837 3.475445
 0.288000 0.569660 1.933416 2.004167 3.646178 3.409812 3.184360
 0.289000 0.717689 1.993721 2.393666 3.847328 2.972483 3.000689
 0.290000 0.764593 2.098292 2.002262 3.791636 3.400188 3.172527
 0.291000 0.587908 2.014048 2.392320 3.333996 3.598495 2.919110
 0.292000 0.844133 1.932602 1.917141 3.780483 3.065802 3.139770
 0.293000 0.768587 1.953374 1.683754 3.523467 3.521506 3.205623
 0.294000 0.795426 2.128200 1.847250 3.140812 3.381586 2.861509
 0.295000 0.607687 2.004311 2.467416 3.491713 3.746343 3.176726
 0.296000 0.868166 2.143648 1.919996 3.771586 3.256422 3.118098
 0.297000 0.668023 2.017836 2.304408 3.566037 3.475136 3.044399
 0.298000 0.749419 2.022176 2.083312 4.028069 3.261219 3.358219
 0.299000 0.613880 2.120258 1.784796 3.294178 3.528848 2.955032
 0.300000 0.462301 2.136655 1.717484 3.712570 3.347921 3.193753
 0.301000 0.504537 2.106058 2.241087 3.603573 3.230118 2.893539
 0.302000 0.462299 2.076619 2.136379 3.501834 2.936241 2.663601
 0.303000 0.438606 1.990286 2.456562 3.364800 3.215626 2.897791
 0.304000 0.396025 2.018733 2.034573 3.761265 3.491404 3.175802
 0.305000 0.487571 2.126151 2.341418 3.510101 3.520046 2.968964
 0.306000 0.391647 2.031397 2.196800 3.734755 3.529752 3.199783
 0.307000 0.395687 2.038847 1.597535 3.092618 3.836731 3.143382
 0.308000 0.356474 1.994210 2.331658 3.686493 3.582671 3.032120
 0.309000 0.218567 2.147898 2.199280 3.647826 3.839848 3.184768
 0.310000 0.367635 1.997758 1.952120 3.942271 3.987691 3.564158
 0.311000 0.442271 1.909042 2.248995 3.664039 3.536072 3.101413
 0.312000 0.352110 1.879114 2.183248 3.744731 3.752820 3.277056
 0.313000 0.209183 1.866642 2.198173 3.852809 3.565734 3.130746
 0.314000 0.220992 1.896280 2.433938 3.478354 3.702144 2.935387
 0.315000 0.274543 1.862509 2.391814 3.014207 3.655669 2.725056
 0.316000 0.505214 1.968889 2.559539 3.302530 3.565829 2.737494
 0.317000 0.347455 1.905350 2.293043 3.472136 3.731275 2.968383
 0.318000 0.209912 1.970286 2.531766 3.467745 3.282355 2.669601
 0.319000 0.248772 2.022657 2.311658 3.689301 3.746070 3.191240
 0.320000 0.338859 2.030988 2.456435 3.685708 3.505135 2.930122
 0.321000 0.213493 1.926422 1.929113 3.844089 3.749747 3.300429
 0.322000 0.319980 1.927230 2.610234 3.478206 3.584748 2.854911
 0.323000 0.288522 1.902531 2.436088 3.467619 3.513698 2.837277
 0.324000 0.387409 1.929124 1.911889 3.814939 3.820984 3.371348
 0.325000 0.302604 1.959200 2.242217 3.619511 2.998682 2.693901
 0.326000 0.403573 2.021322 2.292316 3.678205 3.106060 2.739045
 0.327000 0.298462 1.945628 2.407738 3.425272 3.193419 2.726540
 0.328000 0.461802 1.868197 2.197409 3.469141 2.631131 2.506559
 0.329000 0.211946 2.129337 2.212240 2.888579 3.052579 2.150625
 0.330000 0.394524 1.889166 2.089670 2.929840 2.623272 2.205422
 0.331000 0.291666 1.904566 2.112067 2.898576 2.713115 2.072009
 0.332000 0.268390 2.065757 2.096840 2.995043 2.819215 2.172788
 0.333000 0.276934 2.032969 2.043095 3.033286 3.033625 2.321451
 0.334000 0.206401 1.969059 2.178885 3.324983 2.677800 2.346301
 0.335000 0.223717 1.994324 2.136617 3.028070 2.916862 2.230074
 0.336000 0.336650 2.125454 1.824001 2.990681 2.682594 2.118413
 0.337000 0.285151 1.955927 1.881539 2.897551 3.000260 2.358748
 0.338000 0.246870 1.901944 2.008090 3.217806 2.857667 2.451320
 0.339000 0.421015 2.073555 1.633163 2.943989 2.793770 2.243407
 0.340000 0.431018 2.119457 1.875736 3.099267 2.751553 2.220043
 0.341000 0.558996 1.989732 1.898759 3.136038 2.707289 2.357310
 0.342000 0.231719 2.211504 1.640212 2.929146 2.885972 2.237810
 0.343000 0.337608 2.250078 2.107467 3.119661 2.696795 2.204441
 0.344000 0.286690 2.013155 1.710772 3.109385 2.642392 2.237315
 0.345000 0.362414 2.090452 1.812130 2.960240 2.701551 2.142146
 0.346000 0.164324 2.061974 1.756701 2.786326 3.702537 2.759674
 0.347000 0.220100 2.238929 1.866163 3.100113 2.770055 2.190340
 0.348000 0.058660 1.962603 1.990189 2.873357 3.008239 2.222824
 0.349000 0.064373 2.105018 2.215556 2.925203 3.034868 2.186529
 0.350000 0.210601 2.040606 1.799636 2.932779 2.809561 2.165343
 0.351000 0.124504 1.999925 2.046681 3.070471 2.842803 2.227744
 0.352000 0.231864 2.165431 1.988870 2.858329 2.675664 1.953784
 0.353000 0.237289 1.947333 2.181322 3.017435 2.781081 2.218156
 0.354000 0.342272 2.063802 1.858235 2.775073 2.773206 2.034512
 0.355000 0.056703 2.103507 2.081210 2.713399 3.137631 2.116403
 0.356000 0.124483 2.106171 1.627257 2.690736 2.860075 2.126455
 0.357000 0.085555 2.030358 2.074775 2.669594 3.023352 2.069570
 0.358000 0.105406 1.965344 1.920692 2.643682 2.590012 2.073508
 0.359000 0.220953 2.379835 2.158639 2.668587 3.108482 2.147714
 0.360000 0.233356 2.014833 2.276955 2.640597 3.720073 2.573244
 0.361000 0.260967 2.118918 1.952077 2.650031 3.346129 2.339203
 0.362000 0.035756 1.860971 2.166641 2.517233 3.822925 2.682214
 0.363000 0.432904 2.050567 2.043065 2.539395 3.258736 2.318368
 0.364000 0.298383 2.337132 2.220460 2.904595 3.838881 2.699796
 0.365000 0.337606 2.344464 2.104964 2.821295 3.396781 2.293465
 0.366000 0.312296 2.246943 2.405829 2.948899 3.594479 2.463667
 0.367000 0.374883 2.192344 2.432739 2.854895 3.697459 2.554402
 0.368000 0.575670 2.257545 2.029927 2.925869 3.642316 2.636416
 0.369000 0.357721 2.159786 2.443675 3.144904 3.342101 2.449031
 0.370000 0.398375 2.118999 2.397803 3.003050 3.601875 2.526873
 0.371000 0.106300 2.135441 2.103844 2.637624 3.271785 2.115944
 0.372000 0.410678 2.090310 2.354458 3.039395 3.718206 2.670011
 0.373000 0.329472 2.063116 2.262823 2.945476 3.119420 2.289652
 0.374000 0.283361 2.125614 2.250341 3.045332 3.278295 2.452293
 0.375000 0.106727 1.978643 2.156542 2.776015 3.022751 2.085366
 0.376000 0.128839 1.847505 1.958905 3.122969 2.885228 2.371657
 0.377000 0.139277 2.002274 2.132010 3.080503 3.483481 2.622394
 0.378000 0.266544 2.059539 2.029892 3.191664 2.839767 2.343247
 0.379000 0.176058 2.106528 1.922327 3.290957 2.656073 2.305642
 0.380000 0.144940 2.060834 1.992669 3.001639 3.342735 2.489100
 0.381000 0.176331 2.205268 1.726537 3.058011 2.725589 2.224493
 0.382000 0.276305 2.324216 1.952713 3.161561 2.682375 2.167721
 0.383000 0.396398 2.137223 2.076244 3.312606 2.747230 2.353495
 0.384000 0.363913 2.369803 2.226291 3.275571 2.834932 2.304948
 0.385000 0.298856 2.301425 2.000461 2.925148 3.185316 2.224084
 0.386000 0.404637 2.384104 1.755925 3.036931 2.750791 2.077249
 0.387000 0.299058 2.378484 1.696104 3.028212 2.664445 2.037433
 0.388000 0.270569 2.268409 2.032553 2.834350 3.436189 2.533678
 0.389000 0.351977 2.140588 1.850727 2.854943 2.706413 2.129556
 0.390000 0.282256 2.232830 1.916325 3.161714 2.932816 2.294807
 0.391000 0.338937 2.274672 1.619584 2.896711 2.616294 2.022566
 0.392000 0.208397 2.235465 1.830199 3.045927 2.644525 2.132643
 0.393000 0.099603 2.227455 1.969862 3.196313 2.785604 2.185833
 0.394000 0.125472 2.232357 2.155226 3.104336 2.951575 2.186186
 0.395000 0.468704 2.203540 2.074205 2.981618 2.918790 2.157699
 0.396000 0.482454 2.232576 1.905663 2.939896 2.780128 2.021202
 0.397000 0.597942 2.069042 1.960247 3.094996 2.769126 2.250464
 0.398000 0.269648 2.330513 1.882234 2.967970 2.731167 2.028293
 0.399000 0.481248 2.328893 1.990144 3.074588 3.252662 2.363445
 0.400000 0.531255 2.421972 1.973738 3.009329 3.021976 2.128926
 0.401000 0.309471 2.373305 2.075756 3.019124 3.307864 2.328622
 0.402000 0.263099 2.418402 1.732057 3.000168 2.785003 2.085255
 0.403000 0.345198 2.628723 1.703408 2.906634 2.588077 1.906997
 0.404000 0.366037 2.663458 1.910343 2.885936 2.906248 1.978039
 0.405000 0.347430 2.707424 1.935184 2.754624 2.527748 1.843658
 0.406000 0.175107 2.465073 1.822823 2.911876 2.834188 2.000594
 0.407000 0.335407 2.314250 1.888907 3.110229 2.986462 2.256755
 0.408000 0.456050 2.448494 1.698634 3.026243 2.505023 1.978172
 0.409000 0.392286 2.428127 2.137480 3.135590 2.895567 2.212031
 0.410000 0.506220 2.665664 1.771767 2.932947 2.922159 2.035256
 0.411000 0.359887 2.408845 2.076734 2.845097 2.918225 2.033792
 0.412000 0.337192 2.380547 1.950762 3.280459 2.737432 2.306378
 0.413000 0.286432 2.468629 1.909989 3.144035 3.269540 2.436259
 0.414000 0.335874 2.542061 1.840718 3.085078 2.750064 2.037872
 0.415000 0.260378 2.562938 1.758545 3.178395 2.595688 2.168082
 0.416000 0.304533 2.647434 1.751133 3.153344 2.479843 1.920359
 0.417000 0.236023 2.558243 1.939857 3.051037 2.495233 2.027203
 0.418000 0.211786 2.612555 1.908647 3.027671 2.521962 2.010931
 0.419000 0.148969 2.562551 1.936757 3.085440 3.299980 2.370250
 0.420000 0.309547 2.581234 1.688211 3.157363 2.544585 2.103475
 0.421000 0.654114 2.658883 1.784501 3.407324 2.469580 2.361429
 0.422000 0.863212 2.284463 1.890526 3.499392 2.250758 2.432309
 0.423000 0.795889 2.196420 2.121313 3.796718 2.433032 2.612739
 0.424000 0.722572 2.197756 1.724637 2.793797 2.505443 1.937055
 0.425000 0.404725 2.481958 1.830942 3.178555 2.762718 2.152389
 0.426000 0.351154 2.038008 2.116310 3.095631 2.678540 2.142759
 0.427000 0.495576 2.085027 1.714099 2.946417 2.697678 2.175187
 0.428000 0.574641 1.926151 2.078039 2.998683 2.894330 2.280831
 0.429000 0.333630 2.001286 1.617832 2.938611 2.623292 2.216201
 0.430000 0.626927 1.864602 1.561388 2.972855 2.649538 2.263425
 0.431000 0.482986 2.038904 2.015856 2.975830 2.643320 2.064109
 0.432000 0.436172 2.030424 1.920755 2.996860 2.747780 2.180110
 0.433000 0.303977 1.934581 1.765868 2.516799 2.707287 2.013827
 0.434000 0.298684 1.939871 2.006915 3.317173 2.758709 2.403413
 0.435000 0.382573 1.962879 2.167676 3.230648 3.096812 2.530434
 0.436000 0.239149 2.127562 2.049554 2.847736 3.029520 2.179015
 0.437000 0.045304 1.992796 2.174684 3.180225 2.664207 2.217275
 0.438000 0.193397 1.879538 1.952477 3.290241 2.550644 2.344712
 0.439000 0.238186 1.923848 2.048314 3.081193 2.851440 2.322571
 0.440000 0.422618 1.857381 2.148169 2.815388 3.171612 2.373308
 0.441000 0.380144 1.824670 1.871826 2.878304 2.675387 2.170983
 0.442000 0.447914 1.875999 1.980639 2.948923 2.780575 2.215005
 0.443000 0.230438 1.872654 2.263010 3.129223 2.921574 2.307495
 0.444000 0.314013 1.863006 2.027471 2.831529 2.924974 2.267371
 0.445000 0.357566 1.995584 2.035419 3.013909 3.047542 2.325056
 0.446000 0.521079 1.850159 1.946439 3.141960 2.949839 2.478431
 0.447000 0.539839 1.957168 2.181722 2.955010 2.998401 2.300676
 0.448000 0.484470 1.881227 1.956726 2.906271 2.809882 2.207539
 0.449000 0.276388 1.984153 2.053963 2.906873 2.931808 2.206232
 0.450000 0.475456 1.933809 2.204791 3.145697 3.139350 2.511573
 0.451000 0.221415 1.982391 2.076964 2.985474 3.022430 2.331929
 0.452000 0.489799 1.998123 2.103535 2.918284 3.265060 2.378666
 0.453000 0.188956 1.992917 2.273213 3.093401 3.512881 2.598756
 0.454000 0.226453 2.037961 2.593584 3.235174 3.627519 2.640925
 0.455000 0.508703 1.988856 2.297075 2.967966 3.513238 2.604259
 0.456000 0.306418 1.952607 2.348342 2.876883 3.799534 2.686118
 0.457000 0.154453 1.967636 2.319745 2.946918 3.649298 2.612600
 0.458000 0.411495 2.092116 2.264865 2.542655 3.408611 2.181066
 0.459000 0.241358 2.009916 2.396002 3.065447 3.700716 2.637447
 0.460000 0.306777 2.056455 2.185191 2.884811 3.418348 2.389040
 0.461000 0.639999 1.986424 2.268970 2.832079 3.270435 2.301470
 0.462000 0.492116 2.006277 1.888138 3.101810 2.503665 2.133694
 0.463000 0.348845 1.910087 2.315814 3.216776 3.706081 2.816654
 0.464000 0.166947 1.887861 2.269914 2.972662 3.533819 2.622969
 0.465000 0.334109 1.981897 2.466813 2.974515 3.793656 2.687619
 0.466000 0.655451 2.018381 2.330169 2.954122 3.450983 2.448998
 0.467000 0.353093 2.050232 2.364590 2.954787 3.561724 2.457082
 0.468000 0.471273 2.150454 2.255299 3.232124 3.766367 2.847952
 0.469000 0.654125 1.949377 2.405914 2.895807 3.697712 2.742000
 0.470000 0.410996 2.060681 2.103906 2.962538 3.042426 2.249316
 0.471000 0.443335 1.996193 2.061654 2.777871 2.947969 2.107213
 0.472000 0.587998 2.010108 1.963116 3.019361 2.911377 2.337593
 0.473000 0.534263 2.047869 2.115999 2.940150 3.497097 2.588758
 0.474000 0.329612 1.981068 2.419552 3.251897 3.654194 2.784389
 0.475000 0.155844 2.066775 2.278945 2.914006 3.560739 2.577740
 0.476000 0.353856 2.012531 2.282883 2.950667 3.758442 2.820232
 0.477000 0.268247 2.109298 2.252433 2.978380 3.572960 2.601021
 0.478000 0.159926 2.259669 2.299845 3.104825 3.798812 2.716668
 0.479000 0.115202 1.821856 2.100786 3.086528 3.825789 2.969181
 0.480000 0.204426 2.009070 1.925479 2.875542 3.189928 2.354017
 0.481000 0.154461 1.882905 2.230514 3.075895 3.452646 2.606532
 0.482000 0.190202 1.916203 2.386947 2.946026 3.607011 2.601413
 0.483000 0.298012 1.906964 2.160888 2.704806 3.524997 2.526877
 0.484000 0.251534 1.908185 2.241580 2.765129 3.489832 2.506371
 0.485000 0.271454 1.882123 2.174911 3.042765 3.721605 2.891376
 0.486000 0.156271 1.806005 2.265425 2.421016 3.923729 2.800121
 0.487000 0.341114 1.947125 2.375223 2.502396 3.957365 2.732437
 0.488000 0.399706 1.879630 2.253814 2.451273 3.922602 2.913668
 0.489000 0.449547 2.029625 2.248916 2.500991 3.126708 2.462684
 0.490000 0.550506 1.822462 2.188781 2.445646 3.451881 2.734494
 0.491000 0.445985 1.831275 2.069777 2.269034 3.244837 2.491725
 0.492000 0.377455 1.876824 2.129925 2.271801 3.216654 2.410162
 0.493000 0.352576 2.087765 2.258370 2.481870 3.614987 2.642019
 0.494000 0.441334 1.797800 2.128454 2.384992 3.222954 2.480693
 0.495000 0.418357 1.986313 2.313945 3.060227 3.552680 2.727748
 0.496000 0.327898 1.800615 2.262328 2.942783 3.328322 2.886805
 0.497000 0.194877 1.817385 2.320636 3.079902 3.468565 2.862176
 0.498000 0.325526 1.719058 2.315936 3.096806 3.494978 2.878682
 0.499000 0.364480 1.656757 2.291716 3.039324 3.376013 2.870033
 0.500000 0.284432 1.817462 2.175818 3.155468 3.573356 2.962010
